[gd_scene load_steps=12 format=2]

[ext_resource path="res://images/texture_06.png" type="Texture" id=1]
[ext_resource path="res://scenes/Main.gd" type="Script" id=2]
[ext_resource path="res://images/nebula.png" type="Texture" id=3]
[ext_resource path="res://scenes/Gui.tscn" type="PackedScene" id=4]
[ext_resource path="res://scenes/block.tscn" type="PackedScene" id=5]
[ext_resource path="res://scenes/Wall.tscn" type="PackedScene" id=6]
[ext_resource path="res://scenes/Die.tscn" type="PackedScene" id=7]

[sub_resource type="PanoramaSky" id=4]
radiance_size = 1
panorama = ExtResource( 3 )

[sub_resource type="Environment" id=3]
background_mode = 2
background_sky = SubResource( 4 )
background_sky_custom_fov = 60.0
background_sky_orientation = Basis( 0.258819, 0.683013, 0.683013, 0, 0.707107, -0.707107, -0.965926, 0.183013, 0.183013 )
ambient_light_color = Color( 0.933333, 0.866667, 1, 1 )
ambient_light_energy = 0.5

[sub_resource type="CubeMesh" id=1]

[sub_resource type="SpatialMaterial" id=2]
albedo_texture = ExtResource( 1 )
uv1_scale = Vector3( 3, 0.5, 3 )
uv1_offset = Vector3( 0, 0.5, 0 )
uv1_triplanar = true

[node name="Main" type="Spatial" groups=["dice_watcher"]]
script = ExtResource( 2 )
dice_scene = ExtResource( 7 )

[node name="Camera" type="Camera" parent="."]
transform = Transform( 0.866025, 0.353553, -0.353553, 0, 0.707107, 0.707107, 0.5, -0.612372, 0.612372, -5, 10, 10 )
environment = SubResource( 3 )
projection = 1
current = true
fov = 2.9
size = 20.0

[node name="Floor" type="Spatial" parent="."]

[node name="MeshInstance" type="MeshInstance" parent="Floor"]
transform = Transform( 6, 0, 0, 0, 1, 0, 0, 0, 6, 0, -1, 0 )
mesh = SubResource( 1 )
material/0 = SubResource( 2 )

[node name="DirectionalLight" type="DirectionalLight" parent="."]
transform = Transform( 0.866025, -0.353553, 0.353553, 0, 0.707107, 0.707107, -0.5, -0.612372, 0.612372, 0, 5.27824, 0 )
light_energy = 0.33
shadow_enabled = true

[node name="Block" parent="." instance=ExtResource( 5 )]
transform = Transform( 1, 0, 0, 0, 1, 0, 0, 0, 1, 3, 1, -3 )

[node name="Block2" parent="." instance=ExtResource( 5 )]
transform = Transform( 1, 0, 0, 0, 1, 0, 0, 0, 1, -3, 1, -3 )

[node name="Block3" parent="." instance=ExtResource( 5 )]
transform = Transform( 1, 0, 0, 0, 1, 0, 0, 0, 1, 3, 1, 3 )

[node name="Block4" parent="." instance=ExtResource( 5 )]
transform = Transform( 1, 0, 0, 0, 1, 0, 0, 0, 1, -3, 1, 3 )

[node name="Wall" parent="." instance=ExtResource( 6 )]
transform = Transform( 1, 0, 0, 0, 1, 0, 0, 0, 1, 1, 0, 7 )

[node name="Wall2" parent="." instance=ExtResource( 6 )]
transform = Transform( 1, 0, 0, 0, 1, 0, 0, 0, 1, -1, 0, -7 )

[node name="Wall3" parent="." instance=ExtResource( 6 )]
transform = Transform( -4.37114e-08, 0, 1, 0, 1, 0, -1, 0, -4.37114e-08, 7, 0, -1 )

[node name="Wall4" parent="." instance=ExtResource( 6 )]
transform = Transform( -4.37114e-08, 0, 1, 0, 1, 0, -1, 0, -4.37114e-08, -7, 0, 1 )

[node name="Gui" parent="." instance=ExtResource( 4 )]

[node name="NextMoveTimer" type="Timer" parent="."]
wait_time = 0.5
one_shot = true
